0_GenesisRightHand_0    501.62530517578125 -120.25226593017578 112.22281646728516    -0.31837549805641174 -0.47515350580215454 0.6610968112945557 0.48561006784439087
0_Palm_1    500.9667663574219 -117.2623062133789 112.10873413085938    -0.13148176670074463 0.11825268715620041 -0.568503737449646 0.8034502267837524
0_Thumb_2    501.80206298828125 -115.3710708618164 113.59297943115234    0.27978193759918213 -0.5969097018241882 0.5683975219726562 -0.49228549003601074
0_Index_3    497.15887451171875 -110.51622009277344 117.76856994628906    -0.12786966562271118 0.16579702496528625 -0.5565571784973145 0.8039929866790771
0_Middle_4    496.0389404296875 -109.9900894165039 115.37493896484375    -0.12763896584510803 0.1428178995847702 -0.5458851456642151 0.8156719207763672
0_Ring_5    495.9620056152344 -110.08183288574219 113.06584930419922    -0.15312233567237854 0.14371666312217712 -0.5300498604774475 0.8215510845184326
0_Pinky_6    496.2400207519531 -110.04737091064453 110.60935974121094    -0.15252599120140076 0.13473889231681824 -0.539324164390564 0.8171355724334717
1_GenesisRightHand_0    502.11767578125 -120.2498779296875 111.86947631835938    -0.3321417272090912 -0.4780990183353424 0.641948938369751 0.4990037679672241
1_Palm_1    501.6038818359375 -117.23043060302734 111.79520416259766    -0.11585935950279236 0.11798936128616333 -0.5877088904380798 0.791993260383606
1_Thumb_2    502.4732666015625 -115.39433288574219 113.32369232177734    0.27409636974334717 -0.5938243269920349 0.5811949372291565 -0.4842068552970886
1_Index_3    498.0367431640625 -110.39319610595703 117.4913101196289    -0.10983267426490784 0.1567646712064743 -0.5640305876731873 0.8032627105712891
1_Middle_4    497.04791259765625 -109.7352294921875 115.13285827636719    -0.11501026153564453 0.1438671052455902 -0.5699626207351685 0.8007604479789734
1_Ring_5    496.88958740234375 -109.85208892822266 112.81868743896484    -0.11312168836593628 0.14443844556808472 -0.5616927146911621 0.8067480325698853
1_Pinky_6    497.1392822265625 -109.85540771484375 110.26632690429688    -0.0952092707157135 0.15249842405319214 -0.559698760509491 0.8089603185653687
2_GenesisRightHand_0    502.11767578125 -120.2498779296875 111.86947631835938    -0.3321417272090912 -0.4780990183353424 0.641948938369751 0.4990037679672241
2_Palm_1    501.6038818359375 -117.23043060302734 111.79520416259766    -0.11585935950279236 0.11798936128616333 -0.5877088904380798 0.791993260383606
2_Thumb_2    502.4732666015625 -115.39433288574219 113.32369232177734    0.27409636974334717 -0.5938243269920349 0.5811949372291565 -0.4842068552970886
2_Index_3    498.0367431640625 -110.39319610595703 117.4913101196289    -0.10983267426490784 0.1567646712064743 -0.5640305876731873 0.8032627105712891
2_Middle_4    497.04791259765625 -109.7352294921875 115.13285827636719    -0.11501026153564453 0.1438671052455902 -0.5699626207351685 0.8007604479789734
2_Ring_5    496.88958740234375 -109.85208892822266 112.81868743896484    -0.11312168836593628 0.14443844556808472 -0.5616927146911621 0.8067480325698853
2_Pinky_6    497.1392822265625 -109.85540771484375 110.26632690429688    -0.0952092707157135 0.15249842405319214 -0.559698760509491 0.8089603185653687
3_GenesisRightHand_0    502.22882080078125 -120.23948669433594 111.8638687133789    -0.31998351216316223 -0.46486514806747437 0.6554394364356995 0.5019063353538513
3_Palm_1    501.6735534667969 -117.22814178466797 111.76354217529297    -0.13475659489631653 0.1286391019821167 -0.5811640620231628 0.7921746969223022
3_Thumb_2    502.57159423828125 -115.36204528808594 113.23097229003906    0.28497037291526794 -0.6023634076118469 0.5722218155860901 -0.4780294895172119
3_Index_3    498.1716613769531 -110.37523651123047 117.4797134399414    -0.12451735138893127 0.1653568595647812 -0.5561327934265137 0.8049028515815735
3_Middle_4    497.22857666015625 -109.71578216552734 115.15497589111328    -0.13439685106277466 0.15765364468097687 -0.5656114220619202 0.7982269525527954
3_Ring_5    497.0306396484375 -109.83893585205078 112.89175415039062    -0.13503816723823547 0.16089406609535217 -0.5610896944999695 0.800659716129303
3_Pinky_6    497.11932373046875 -109.8679428100586 110.40069580078125    -0.12732377648353577 0.16435639560222626 -0.5718370676040649 0.7935854196548462
4_GenesisRightHand_0    502.24554443359375 -120.24458312988281 111.85379028320312    -0.3351172208786011 -0.47586047649383545 0.6397320032119751 0.5019921660423279
4_Palm_1    501.76312255859375 -117.22010040283203 111.77416229248047    -0.11587458848953247 0.11799834668636322 -0.5919260382652283 0.7888427972793579
4_Thumb_2    502.6448669433594 -115.3892822265625 113.30107116699219    0.2737651467323303 -0.5938010811805725 0.5820314288139343 -0.48341724276542664
4_Index_3    498.2654113769531 -110.33406066894531 117.45379638671875    -0.11345204710960388 0.1551126092672348 -0.567841112613678 0.8003906011581421
4_Middle_4    497.2954406738281 -109.67286682128906 115.1202621459961    -0.11828914284706116 0.14627140760421753 -0.578960120677948 0.7933582067489624
4_Ring_5    497.08953857421875 -109.81503295898438 112.81442260742188    -0.10599541664123535 0.1454153060913086 -0.5689148902893066 0.8024681806564331
4_Pinky_6    497.3213195800781 -109.82659912109375 110.2344970703125    -0.0933036208152771 0.15201567113399506 -0.5613374710083008 0.8081372976303101
5_GenesisRightHand_0    502.3792419433594 -120.2307357788086 111.85729217529297    -0.3221103847026825 -0.461713045835495 0.6543498039245605 0.5048686861991882
5_Palm_1    501.85076904296875 -117.21488189697266 111.74816131591797    -0.13621491193771362 0.12922978401184082 -0.584762692451477 0.7891754508018494
5_Thumb_2    502.7584533691406 -115.3485336303711 113.20710754394531    0.28505387902259827 -0.6026082634925842 0.5726656317710876 -0.4771391749382019
5_Index_3    498.42279052734375 -110.31008911132812 117.4452896118164    -0.12923979759216309 0.16480928659439087 -0.5599358677864075 0.8016276359558105
5_Middle_4    497.48974609375 -109.65303039550781 115.14250946044922    -0.1374826729297638 0.1603398323059082 -0.574104368686676 0.791071355342865
5_Ring_5    497.24267578125 -109.80323028564453 112.88690948486328    -0.12888044118881226 0.16247646510601044 -0.5667114853858948 0.797389030456543
5_Pinky_6    497.304443359375 -109.84245300292969 110.3739242553711    -0.12821930646896362 0.16442474722862244 -0.5724524855613708 0.7929832935333252
6_GenesisRightHand_0    502.39019775390625 -120.23478698730469 111.85566711425781    -0.33729541301727295 -0.4723173975944519 0.6388712525367737 0.5049669146537781
6_Palm_1    501.93511962890625 -117.20635986328125 111.76563262939453    -0.11777129769325256 0.11856170743703842 -0.5955695509910583 0.785728931427002
6_Thumb_2    502.8273010253906 -115.37513732910156 113.28331756591797    0.2737451493740082 -0.5937888026237488 0.5827085375785828 -0.48262736201286316
6_Index_3    498.52032470703125 -110.26425170898438 117.42648315429688    -0.11836382746696472 0.1552647203207016 -0.5719625353813171 0.7967067956924438
6_Middle_4    497.5472106933594 -109.60894012451172 115.1092529296875    -0.12109062075614929 0.14883823692798615 -0.5867007970809937 0.7867441177368164
6_Ring_5    497.2924499511719 -109.77867889404297 112.80680084228516    -0.10091337561607361 0.1467321217060089 -0.5732443928718567 0.7997981309890747
6_Pinky_6    497.4984130859375 -109.80485534667969 110.20587921142578    -0.09521380066871643 0.15188567340373993 -0.561210572719574 0.8080270290374756
7_GenesisRightHand_0    502.51416015625 -120.21937561035156 111.86302947998047    -0.325190931558609 -0.45906785130500793 0.6524084210395813 0.5078098773956299
7_Palm_1    502.0169372558594 -117.19853973388672 111.74524688720703    -0.13671258091926575 0.1291312426328659 -0.5890207290649414 0.785932183265686
7_Thumb_2    502.9329528808594 -115.33639526367188 113.20223999023438    0.28407788276672363 -0.6023862957954407 0.5736290812492371 -0.4768439531326294
7_Index_3    498.672119140625 -110.23662567138672 117.42281341552734    -0.13300356268882751 0.16523322463035583 -0.5653553009033203 0.7971081733703613
7_Middle_4    497.72119140625 -109.58979797363281 115.12864685058594    -0.1377636194229126 0.16150757670402527 -0.581990122795105 0.7849993109703064
7_Ring_5    497.4288024902344 -109.76690673828125 112.87162780761719    -0.12278956174850464 0.16220460832118988 -0.5701979994773865 0.7959187626838684
7_Pinky_6    497.4801940917969 -109.81622314453125 110.34014892578125    -0.12869122624397278 0.16252487897872925 -0.5711297392845154 0.7942512035369873
8_GenesisRightHand_0    502.5201416015625 -120.21795654296875 111.86665344238281    -0.3409203290939331 -0.4700092077255249 0.6364234685897827 0.5077694058418274
8_Palm_1    502.0986328125 -117.1849136352539 111.76875305175781    -0.11767259240150452 0.11798013001680374 -0.600114643573761 0.7823657989501953
8_Thumb_2    502.9983825683594 -115.3603515625 113.28965759277344    0.27197957038879395 -0.5932672619819641 0.5838483572006226 -0.48288923501968384
8_Index_3    498.76702880859375 -110.18585968017578 117.40938568115234    -0.12175396084785461 0.15617193281650543 -0.5783056616783142 0.7914220094680786
8_Middle_4    497.7652893066406 -109.54377746582031 115.09615325927734    -0.12059780955314636 0.14934419095516205 -0.5942606329917908 0.781029224395752
8_Ring_5    497.4684143066406 -109.73847198486328 112.79242706298828    -0.09561079740524292 0.14542652666568756 -0.5759388208389282 0.7987515330314636
8_Pinky_6    497.67266845703125 -109.77175903320312 110.18112182617188    -0.09628129005432129 0.14869868755340576 -0.5594937205314636 0.8096822500228882
9_GenesisRightHand_0    502.634033203125 -120.19977569580078 111.8828353881836    -0.3286201059818268 -0.45667484402656555 0.6500221490859985 0.5108110904693604
9_Palm_1    502.1702880859375 -117.1739273071289 111.7572021484375    -0.13671734929084778 0.12882870435714722 -0.593567967414856 0.7825524806976318
9_Thumb_2    503.0969543457031 -115.3212661743164 113.21875762939453    0.2818370461463928 -0.6029638648033142 0.5739151239395142 -0.47709929943084717
9_Index_3    498.91265869140625 -110.15428161621094 117.41468811035156    -0.1363532543182373 0.16681981086730957 -0.5721322894096375 0.7913553714752197
9_Middle_4    497.9248352050781 -109.52497100830078 115.12385559082031    -0.13713696599006653 0.1616446077823639 -0.5887980461120605 0.7799879312515259
9_Ring_5    497.59515380859375 -109.72434997558594 112.87106323242188    -0.1201789379119873 0.1610361635684967 -0.5719003081321716 0.7953327894210815
9_Pinky_6    497.6471252441406 -109.77581024169922 110.34542083740234    -0.13193899393081665 0.15824340283870697 -0.5698775053024292 0.7954813838005066
10_GenesisRightHand_0    502.6180114746094 -120.2004165649414 111.89836883544922    -0.3442592918872833 -0.46701377630233765 0.6340985894203186 0.5111777782440186
10_Palm_1    502.2325134277344 -117.16285705566406 111.7924575805664    -0.11814671754837036 0.11802919209003448 -0.6048857569694519 0.7786036729812622
10_Thumb_2    503.150390625 -115.34954071044922 113.31581115722656    0.2689952850341797 -0.5947142839431763 0.5839909911155701 -0.4826085567474365
10_Index_3    499.0025329589844 -110.1008529663086 117.41355895996094    -0.12570008635520935 0.15836101770401 -0.5852245092391968 0.7852600812911987
10_Middle_4    497.9581604003906 -109.4786148071289 115.10626220703125    -0.12122336030006409 0.14960116147994995 -0.5999764800071716 0.7765003442764282
10_Ring_5    497.6293029785156 -109.69271850585938 112.81250762939453    -0.09638375043869019 0.14472563564777374 -0.5768609642982483 0.7981203198432922
10_Pinky_6    497.8382263183594 -109.72576141357422 110.2167739868164    -0.10183772444725037 0.14481991529464722 -0.5585196018218994 0.810377836227417
11_GenesisRightHand_0    502.70977783203125 -120.18944549560547 111.9341049194336    -0.3314015567302704 -0.4526316821575165 0.6483149528503418 0.5147671103477478
11_Palm_1    502.2822570800781 -117.15872955322266 111.79788208007812    -0.13836926221847534 0.1296592652797699 -0.5983319878578186 0.7784864902496338
11_Thumb_2    503.23638916015625 -115.3161849975586 113.25480651855469    0.27871906757354736 -0.6057918071746826 0.5740363001823425 -0.4751989245414734
11_Index_3    499.14117431640625 -110.06903839111328 117.43438720703125    -0.14098650217056274 0.1695687174797058 -0.578993022441864 0.7849434614181519
11_Middle_4    498.10845947265625 -109.4627456665039 115.1533432006836    -0.13915932178497314 0.16225290298461914 -0.5933175683021545 0.7760688066482544
11_Ring_5    497.754638671875 -109.67774963378906 112.91548919677734    -0.12464767694473267 0.16154441237449646 -0.5719658732414246 0.7944944500923157
11_Pinky_6    497.81195068359375 -109.7262191772461 110.41055297851562    -0.13898685574531555 0.1554097831249237 -0.5696017742156982 0.7950371503829956
12_GenesisRightHand_0    502.6882629394531 -120.19190979003906 111.96361541748047    -0.34756001830101013 -0.463421106338501 0.6318276524543762 0.5150112509727478
12_Palm_1    502.3413391113281 -117.15003967285156 111.84861755371094    -0.11908131837844849 0.11840593814849854 -0.6099302172660828 0.7744576930999756
12_Thumb_2    503.28839111328125 -115.34857940673828 113.36988830566406    0.26482242345809937 -0.5970280170440674 0.5857439041137695 -0.4799277186393738
12_Index_3    499.2275695800781 -110.01899719238281 117.44908142089844    -0.13032793998718262 0.1607540100812912 -0.592552900314331 0.7784944176673889
12_Middle_4    498.1346740722656 -109.42049407958984 115.15414428710938    -0.1235913336277008 0.14966332912445068 -0.6038878560066223 0.7730752825737
12_Ring_5    497.7889709472656 -109.6460952758789 112.87361907958984    -0.10144427418708801 0.14463956654071808 -0.5767589211463928 0.7975822687149048
12_Pinky_6    498.0154724121094 -109.67350769042969 110.29261016845703    -0.1066494882106781 0.14278987050056458 -0.5580023527145386 0.81047523021698
13_GenesisRightHand_0    502.7836608886719 -120.18087768554688 111.99783325195312    -0.33484986424446106 -0.4507884979248047 0.6453267931938171 0.5178983211517334
13_Palm_1    502.3912048339844 -117.14561462402344 111.85739135742188    -0.13755947351455688 0.12943501770496368 -0.6029844284057617 0.7750701904296875
13_Thumb_2    503.373291015625 -115.31481170654297 113.3132095336914    0.27375802397727966 -0.6072436571121216 0.5772947072982788 -0.47227391600608826
13_Index_3    499.33978271484375 -110.00324249267578 117.47852325439453    -0.14412501454353333 0.17114421725273132 -0.5862907767295837 0.7785888910293579
13_Middle_4    498.26214599609375 -109.41897583007812 115.2071533203125    -0.1401119828224182 0.1615496426820755 -0.5965219140052795 0.7735837697982788
13_Ring_5    497.9073791503906 -109.6366958618164 112.97379302978516    -0.12767073512077332 0.16062550246715546 -0.571367084980011 0.7946314811706543
13_Pinky_6    498.0039978027344 -109.67037200927734 110.46788024902344    -0.13836026191711426 0.1542316973209381 -0.5676709413528442 0.7967550754547119
14_GenesisRightHand_0    502.7934875488281 -120.1787109375 112.02754974365234    -0.34907522797584534 -0.4614855647087097 0.6307052969932556 0.5170960426330566
14_Palm_1    502.46630859375 -117.13481140136719 111.9083480834961    -0.11965629458427429 0.11880858242511749 -0.6124757528305054 0.772295355796814
14_Thumb_2    503.4396667480469 -115.33863830566406 113.42147064208984    0.2611095607280731 -0.5985070466995239 0.5893070697784424 -0.4757395386695862
14_Index_3    499.41351318359375 -109.96997833251953 117.5018310546875    -0.13369596004486084 0.1626606285572052 -0.5979078412055969 0.7734165191650391
14_Middle_4    498.2855224609375 -109.39024353027344 115.21393585205078    -0.12495070695877075 0.14952123165130615 -0.604803204536438 0.7721681594848633
14_Ring_5    497.9552307128906 -109.60984802246094 112.93327331542969    -0.10540756583213806 0.14488600194454193 -0.5747777223587036 0.7984532117843628
14_Pinky_6    498.2211608886719 -109.61893463134766 110.3482894897461    -0.10600435733795166 0.14446333050727844 -0.5559799671173096 0.8116523623466492
15_GenesisRightHand_0    502.93145751953125 -120.16105651855469 112.05355072021484    -0.334309458732605 -0.4490399956703186 0.6456551551818848 0.519355058670044
15_Palm_1    502.545166015625 -117.12506866455078 111.91159057617188    -0.13902810215950012 0.13084718585014343 -0.6036323308944702 0.7740659713745117
15_Thumb_2    503.5494384765625 -115.29440307617188 113.35577392578125    0.2711511254310608 -0.6087402105331421 0.580917477607727 -0.4673835039138794
15_Index_3    499.5323486328125 -109.96806335449219 117.53682708740234    -0.1470264196395874 0.17337846755981445 -0.5895282626152039 0.7750996351242065
15_Middle_4    498.4269104003906 -109.39804077148438 115.27223205566406    -0.14163008332252502 0.16223272681236267 -0.5950855612754822 0.7742704153060913
15_Ring_5    498.097412109375 -109.60099792480469 113.03592681884766    -0.13262489438056946 0.1624501794576645 -0.5682509541511536 0.795682966709137
15_Pinky_6    498.22381591796875 -109.61763000488281 110.52694702148438    -0.13801005482673645 0.15832950174808502 -0.5667782425880432 0.7966475486755371
16_GenesisRightHand_0    502.9636535644531 -120.15421295166016 112.069580078125    -0.3473125696182251 -0.46018826961517334 0.6317906379699707 0.5181133151054382
16_Palm_1    502.6341552734375 -117.11051177978516 111.95178985595703    -0.1213412880897522 0.12077450752258301 -0.6119489073753357 0.7721453905105591
16_Thumb_2    503.62548828125 -115.3116683959961 113.45185089111328    0.25968480110168457 -0.6000266075134277 0.5925376415252686 -0.47056466341018677
16_Index_3    499.6050720214844 -109.94825744628906 117.56268310546875    -0.1358426809310913 0.16498509049415588 -0.5989720821380615 0.7717247605323792
16_Middle_4    498.45721435546875 -109.37516784667969 115.27729034423828    -0.12572789192199707 0.15049102902412415 -0.6016119122505188 0.774343729019165
16_Ring_5    498.1591796875 -109.57347106933594 112.9874038696289    -0.10948038101196289 0.14726810157299042 -0.571405291557312 0.7998888492584229
16_Pinky_6    498.4480285644531 -109.56763458251953 110.39397430419922    -0.10428303480148315 0.1499537229537964 -0.5562478303909302 0.8106955289840698
17_GenesisRightHand_0    503.1064453125 -120.13496398925781 112.09217834472656    -0.3357243239879608 -0.45108920335769653 0.6434944868087769 0.5193482041358948
17_Palm_1    502.7273864746094 -117.09773254394531 111.95760345458984    -0.13605129718780518 0.12984207272529602 -0.6046278476715088 0.7739871740341187
17_Thumb_2    503.7341613769531 -115.26908874511719 113.40374755859375    0.2674415111541748 -0.607033908367157 0.5869324207305908 -0.4642147421836853
17_Index_3    499.7067565917969 -109.95164489746094 117.59477233886719    -0.14420658349990845 0.1731889843940735 -0.5919409990310669 0.7738319635391235
17_Middle_4    498.58819580078125 -109.37969970703125 115.31519317626953    -0.13626089692115784 0.16001209616661072 -0.5930907130241394 0.7772209644317627
17_Ring_5    498.3099060058594 -109.55622100830078 113.05033874511719    -0.12883099913597107 0.16083131730556488 -0.5662515163421631 0.798056960105896
17_Pinky_6    498.4969177246094 -109.55451965332031 110.50997161865234    -0.12766969203948975 0.1620151251554489 -0.5659146904945374 0.7982431650161743
18_GenesisRightHand_0    503.13848876953125 -120.12174224853516 112.09184265136719    -0.3506980240345001 -0.46478256583213806 0.6272586584091187 0.5172375440597534
18_Palm_1    502.8211364746094 -117.07624816894531 111.9876937866211    -0.11488792300224304 0.11776134371757507 -0.613723635673523 0.7721893787384033
18_Thumb_2    503.80377197265625 -115.2857894897461 113.50650787353516    0.2539498507976532 -0.5974246859550476 0.5984935164451599 -0.4694664478302002
18_Index_3    499.7490539550781 -109.93844604492188 117.61033630371094    -0.12855660915374756 0.16333837807178497 -0.6022976636886597 0.7707342505455017
18_Middle_4    498.6060791015625 -109.35308074951172 115.29242706298828    -0.11473897099494934 0.14584361016750336 -0.6005049347877502 0.7777906656265259
18_Ring_5    498.38134765625 -109.5150375366211 112.96598815917969    -0.1002703309059143 0.142892986536026 -0.5705475807189941 0.802497923374176
18_Pinky_6    498.749755859375 -109.48326873779297 110.34569549560547    -0.09042131900787354 0.15053436160087585 -0.5565612316131592 0.8120362758636475
