0_HangingDummyWide_0    726.0928955078125 -50.67749786376953 16.407079696655273    0.0015723294345661998 8.80118750501424e-06 8.105460437946022e-06 0.9999987483024597
0_HangingDummyLong_1    695.38720703125 -50.59815216064453 20.638545989990234    -0.0005758224870078266 5.3369778470369056e-05 -0.001109974691644311 0.9999992251396179
0_HangingDummy_2    507.2126770019531 -51.17146301269531 111.79582977294922    0.03619656711816788 -0.008412942290306091 0.06838896870613098 0.9969663619995117
1_HangingDummyWide_0    726.0928955078125 -50.67749786376953 16.407079696655273    0.0015723294345661998 8.80118750501424e-06 8.105460437946022e-06 0.9999987483024597
1_HangingDummyLong_1    695.38720703125 -50.59815216064453 20.638545989990234    -0.0005758224870078266 5.3369778470369056e-05 -0.001109974691644311 0.9999992251396179
1_HangingDummy_2    507.2126770019531 -51.17146301269531 111.79582977294922    0.03619656711816788 -0.008412942290306091 0.06838896870613098 0.9969663619995117
2_HangingDummyWide_0    726.0928955078125 -50.67749786376953 16.407079696655273    0.0015723294345661998 8.80118750501424e-06 8.105460437946022e-06 0.9999987483024597
2_HangingDummyLong_1    695.38720703125 -50.59815216064453 20.638545989990234    -0.0005758224870078266 5.3369778470369056e-05 -0.001109974691644311 0.9999992251396179
2_HangingDummy_2    507.2126770019531 -51.17146301269531 111.79582977294922    0.03619656711816788 -0.008412942290306091 0.06838896870613098 0.9969663619995117
3_HangingDummyWide_0    726.0928955078125 -50.67749786376953 16.407079696655273    0.0015723294345661998 8.80118750501424e-06 8.105460437946022e-06 0.9999987483024597
3_HangingDummyLong_1    695.38720703125 -50.59815216064453 20.638545989990234    -0.0005758224870078266 5.3369778470369056e-05 -0.001109974691644311 0.9999992251396179
3_HangingDummy_2    507.2126770019531 -51.17146301269531 111.79582977294922    0.03619656711816788 -0.008412942290306091 0.06838896870613098 0.9969663619995117
4_HangingDummyWide_0    726.0928955078125 -50.67749786376953 16.407079696655273    0.0015723294345661998 8.80118750501424e-06 8.105460437946022e-06 0.9999987483024597
4_HangingDummyLong_1    695.38720703125 -50.59815216064453 20.638545989990234    -0.0005758224870078266 5.3369778470369056e-05 -0.001109974691644311 0.9999992251396179
4_HangingDummy_2    507.2126770019531 -51.17146301269531 111.79582977294922    0.03619656711816788 -0.008412942290306091 0.06838896870613098 0.9969663619995117
5_HangingDummyWide_0    726.0928955078125 -50.67749786376953 16.407079696655273    0.0015723294345661998 8.80118750501424e-06 8.105460437946022e-06 0.9999987483024597
5_HangingDummyLong_1    695.38720703125 -50.59815216064453 20.638545989990234    -0.0005758224870078266 5.3369778470369056e-05 -0.001109974691644311 0.9999992251396179
5_HangingDummy_2    507.2126770019531 -51.17146301269531 111.79582977294922    0.03619656711816788 -0.008412942290306091 0.06838896870613098 0.9969663619995117
6_HangingDummyWide_0    726.0928955078125 -50.67749786376953 16.407079696655273    0.0015723294345661998 8.80118750501424e-06 8.105460437946022e-06 0.9999987483024597
6_HangingDummyLong_1    695.38720703125 -50.59815216064453 20.638545989990234    -0.0005758224870078266 5.3369778470369056e-05 -0.001109974691644311 0.9999992251396179
6_HangingDummy_2    507.2126770019531 -51.17146301269531 111.79582977294922    0.03619656711816788 -0.008412942290306091 0.06838896870613098 0.9969663619995117
7_HangingDummyWide_0    726.0928955078125 -50.67749786376953 16.407079696655273    0.0015723294345661998 8.80118750501424e-06 8.105460437946022e-06 0.9999987483024597
7_HangingDummyLong_1    695.38720703125 -50.59815216064453 20.638545989990234    -0.0005758224870078266 5.3369778470369056e-05 -0.001109974691644311 0.9999992251396179
7_HangingDummy_2    507.2126770019531 -51.17146301269531 111.79582977294922    0.03619656711816788 -0.008412942290306091 0.06838896870613098 0.9969663619995117
8_HangingDummyWide_0    726.0928955078125 -50.67749786376953 16.407079696655273    0.0015723294345661998 8.80118750501424e-06 8.105460437946022e-06 0.9999987483024597
8_HangingDummyLong_1    695.38720703125 -50.59815216064453 20.638545989990234    -0.0005758224870078266 5.3369778470369056e-05 -0.001109974691644311 0.9999992251396179
8_HangingDummy_2    507.2126770019531 -51.17146301269531 111.79582977294922    0.03619656711816788 -0.008412942290306091 0.06838896870613098 0.9969663619995117
9_HangingDummyWide_0    726.0928955078125 -50.67749786376953 16.407079696655273    0.0015723294345661998 8.80118750501424e-06 8.105460437946022e-06 0.9999987483024597
9_HangingDummyLong_1    695.38720703125 -50.59815216064453 20.638545989990234    -0.0005758224870078266 5.3369778470369056e-05 -0.001109974691644311 0.9999992251396179
9_HangingDummy_2    507.2126770019531 -51.17146301269531 111.79582977294922    0.03619656711816788 -0.008412942290306091 0.06838896870613098 0.9969663619995117
10_HangingDummyWide_0    726.0928955078125 -50.67749786376953 16.407079696655273    0.0015723294345661998 8.80118750501424e-06 8.105460437946022e-06 0.9999987483024597
10_HangingDummyLong_1    695.38720703125 -50.59815216064453 20.638545989990234    -0.0005758224870078266 5.3369778470369056e-05 -0.001109974691644311 0.9999992251396179
10_HangingDummy_2    507.2126770019531 -51.17146301269531 111.79582977294922    0.03619656711816788 -0.008412942290306091 0.06838896870613098 0.9969663619995117
11_HangingDummyWide_0    726.0928955078125 -50.67749786376953 16.407079696655273    0.0015723294345661998 8.80118750501424e-06 8.105460437946022e-06 0.9999987483024597
11_HangingDummyLong_1    695.38720703125 -50.59815216064453 20.638545989990234    -0.0005758224870078266 5.3369778470369056e-05 -0.001109974691644311 0.9999992251396179
11_HangingDummy_2    507.2126770019531 -51.17146301269531 111.79582977294922    0.03619656711816788 -0.008412942290306091 0.06838896870613098 0.9969663619995117
12_HangingDummyWide_0    726.0928955078125 -50.67749786376953 16.407079696655273    0.0015723294345661998 8.80118750501424e-06 8.105460437946022e-06 0.9999987483024597
12_HangingDummyLong_1    695.38720703125 -50.59815216064453 20.638545989990234    -0.0005758224870078266 5.3369778470369056e-05 -0.001109974691644311 0.9999992251396179
12_HangingDummy_2    507.2126770019531 -51.17146301269531 111.79582977294922    0.03619656711816788 -0.008412942290306091 0.06838896870613098 0.9969663619995117
13_HangingDummyWide_0    726.0928955078125 -50.67749786376953 16.407079696655273    0.0015723294345661998 8.80118750501424e-06 8.105460437946022e-06 0.9999987483024597
13_HangingDummyLong_1    695.38720703125 -50.59815216064453 20.638545989990234    -0.0005758224870078266 5.3369778470369056e-05 -0.001109974691644311 0.9999992251396179
13_HangingDummy_2    507.2126770019531 -51.17146301269531 111.79582977294922    0.03619656711816788 -0.008412942290306091 0.06838896870613098 0.9969663619995117
14_HangingDummyWide_0    726.0928955078125 -50.67749786376953 16.407079696655273    0.0015723294345661998 8.80118750501424e-06 8.105460437946022e-06 0.9999987483024597
14_HangingDummyLong_1    695.38720703125 -50.59815216064453 20.638545989990234    -0.0005758224870078266 5.3369778470369056e-05 -0.001109974691644311 0.9999992251396179
14_HangingDummy_2    507.2126770019531 -51.17146301269531 111.79582977294922    0.03619656711816788 -0.008412942290306091 0.06838896870613098 0.9969663619995117
15_HangingDummyWide_0    726.0928955078125 -50.67749786376953 16.407079696655273    0.0015723294345661998 8.80118750501424e-06 8.105460437946022e-06 0.9999987483024597
15_HangingDummyLong_1    695.38720703125 -50.59815216064453 20.638545989990234    -0.0005758224870078266 5.3369778470369056e-05 -0.001109974691644311 0.9999992251396179
15_HangingDummy_2    507.2126770019531 -51.17146301269531 111.79582977294922    0.03619656711816788 -0.008412942290306091 0.06838896870613098 0.9969663619995117
16_HangingDummyWide_0    726.0928955078125 -50.67749786376953 16.407079696655273    0.0015723294345661998 8.80118750501424e-06 8.105460437946022e-06 0.9999987483024597
16_HangingDummyLong_1    695.38720703125 -50.59815216064453 20.638545989990234    -0.0005758224870078266 5.3369778470369056e-05 -0.001109974691644311 0.9999992251396179
16_HangingDummy_2    507.2126770019531 -51.17146301269531 111.79582977294922    0.03619656711816788 -0.008412942290306091 0.06838896870613098 0.9969663619995117
17_HangingDummyWide_0    726.0928955078125 -50.67749786376953 16.407079696655273    0.0015723294345661998 8.80118750501424e-06 8.105460437946022e-06 0.9999987483024597
17_HangingDummyLong_1    695.38720703125 -50.59815216064453 20.638545989990234    -0.0005758224870078266 5.3369778470369056e-05 -0.001109974691644311 0.9999992251396179
17_HangingDummy_2    507.2126770019531 -51.17146301269531 111.79582977294922    0.03619656711816788 -0.008412942290306091 0.06838896870613098 0.9969663619995117
18_HangingDummyWide_0    726.0928955078125 -50.67749786376953 16.407079696655273    0.0015723294345661998 8.80118750501424e-06 8.105460437946022e-06 0.9999987483024597
18_HangingDummyLong_1    695.38720703125 -50.59815216064453 20.638545989990234    -0.0005758224870078266 5.3369778470369056e-05 -0.001109974691644311 0.9999992251396179
18_HangingDummy_2    507.2126770019531 -51.17146301269531 111.79582977294922    0.03619656711816788 -0.008412942290306091 0.06838896870613098 0.9969663619995117
