0_GenesisLeftHand_0    537.7389526367188 -117.285888671875 111.06207275390625    0.6239608526229858 0.30864912271499634 0.49692419171333313 0.518145740032196
0_Palm_1    539.1122436523438 -115.58538055419922 112.73631286621094    -0.014735877513885498 0.04779320955276489 -0.5743308067321777 -0.8170941472053528
0_Thumb_2    538.7586669921875 -113.9415512084961 114.65457153320312    -0.23710037767887115 -0.9446845054626465 0.14679019153118134 0.17264783382415771
0_Index_3    543.5687255859375 -108.70111083984375 117.48365020751953    -0.030937425792217255 0.04688575863838196 -0.6767905950546265 -0.7340294122695923
0_Middle_4    543.730712890625 -107.8492202758789 115.17864227294922    -0.023000821471214294 0.04815313220024109 -0.677270233631134 -0.7337964177131653
0_Ring_5    543.4594116210938 -107.90302276611328 112.91070556640625    -0.0647263377904892 0.068717360496521 -0.6552659869194031 -0.749476432800293
0_Pinky_6    542.6008911132812 -107.786376953125 110.48094940185547    -0.10239763557910919 0.08808135986328125 -0.572617769241333 -0.8086196184158325
1_GenesisLeftHand_0    537.5914306640625 -117.5701904296875 110.62863159179688    0.6295487880706787 0.30824363231658936 0.4923861622810364 0.5159554481506348
1_Palm_1    538.9959716796875 -115.88892364501953 112.29635620117188    -0.02057177945971489 0.04463556408882141 -0.5714303255081177 -0.819177508354187
1_Thumb_2    538.6886596679688 -114.26895904541016 114.23775482177734    -0.2375820130109787 -0.9433367848396301 0.14223331212997437 0.18286645412445068
1_Index_3    543.5697021484375 -109.06350708007812 117.01113891601562    -0.035412922501564026 0.042755722999572754 -0.6734101176261902 -0.737181544303894
1_Middle_4    543.6239624023438 -108.15292358398438 114.72774505615234    -0.013221628963947296 0.04745492339134216 -0.6844715476036072 -0.7273731231689453
1_Ring_5    543.4290771484375 -108.25542449951172 112.51408386230469    -0.05472768843173981 0.06933626532554626 -0.6618973016738892 -0.7443718314170837
1_Pinky_6    542.6539916992188 -108.15142059326172 110.17642211914062    -0.11044180393218994 0.09119102358818054 -0.5590677261352539 -0.8166578412055969
2_GenesisLeftHand_0    537.5914306640625 -117.5701904296875 110.62863159179688    0.6295487880706787 0.30824363231658936 0.4923861622810364 0.5159554481506348
2_Palm_1    538.9959716796875 -115.88892364501953 112.29635620117188    -0.02057177945971489 0.04463556408882141 -0.5714303255081177 -0.819177508354187
2_Thumb_2    538.6886596679688 -114.26895904541016 114.23775482177734    -0.2375820130109787 -0.9433367848396301 0.14223331212997437 0.18286645412445068
2_Index_3    543.5697021484375 -109.06350708007812 117.01113891601562    -0.035412922501564026 0.042755722999572754 -0.6734101176261902 -0.737181544303894
2_Middle_4    543.6239624023438 -108.15292358398438 114.72774505615234    -0.013221628963947296 0.04745492339134216 -0.6844715476036072 -0.7273731231689453
2_Ring_5    543.4290771484375 -108.25542449951172 112.51408386230469    -0.05472768843173981 0.06933626532554626 -0.6618973016738892 -0.7443718314170837
2_Pinky_6    542.6539916992188 -108.15142059326172 110.17642211914062    -0.11044180393218994 0.09119102358818054 -0.5590677261352539 -0.8166578412055969
3_GenesisLeftHand_0    537.5888061523438 -117.57398223876953 110.60299682617188    0.6285767555236816 0.3087388873100281 0.49260416626930237 0.5166360139846802
3_Palm_1    538.9901123046875 -115.887939453125 112.26859283447266    -0.019356530159711838 0.04446220397949219 -0.5718094110488892 -0.8189520835876465
3_Thumb_2    538.6824951171875 -114.26594543457031 114.20635223388672    -0.23743422329425812 -0.9432693719863892 0.14263933897018433 0.1830897033214569
3_Index_3    543.5460815429688 -109.04357147216797 116.97306823730469    -0.030260927975177765 0.04288983345031738 -0.6747258901596069 -0.7361994981765747
3_Middle_4    543.6209106445312 -108.15123748779297 114.69195556640625    -0.009463362395763397 0.047167688608169556 -0.6849819421768188 -0.7269700765609741
3_Ring_5    543.4406127929688 -108.2667465209961 112.48918914794922    -0.05370989441871643 0.06973949074745178 -0.6611478924751282 -0.7450739741325378
3_Pinky_6    542.66650390625 -108.160400390625 110.15653991699219    -0.11115093529224396 0.0920320451259613 -0.5573062300682068 -0.8176706433296204
4_GenesisLeftHand_0    537.5914306640625 -117.5709228515625 110.5811767578125    0.6276862621307373 0.3097292482852936 0.4928140640258789 0.5169254541397095
4_Palm_1    538.9893188476562 -115.87891387939453 112.24359130859375    -0.01843816041946411 0.04395788908004761 -0.5725662112236023 -0.8184714317321777
4_Thumb_2    538.6812133789062 -114.25458526611328 114.1778564453125    -0.23703499138355255 -0.9431708455085754 0.14342468976974487 0.1835002452135086
4_Index_3    543.52197265625 -109.0112075805664 116.9374771118164    -0.024687722325325012 0.04300245642662048 -0.6765502691268921 -0.7347249984741211
4_Middle_4    543.62353515625 -108.14088439941406 114.6561279296875    -0.006402827799320221 0.04653120040893555 -0.6855467557907104 -0.7265118956565857
4_Ring_5    543.4548950195312 -108.26875305175781 112.46218872070312    -0.05391897261142731 0.0697176456451416 -0.660114049911499 -0.7459768652915955
4_Pinky_6    542.6737670898438 -108.15802764892578 110.13117218017578    -0.11294406652450562 0.092399001121521 -0.5552977323532104 -0.8187492489814758
5_GenesisLeftHand_0    537.6022338867188 -117.55963134765625 110.56475830078125    0.6266889572143555 0.31101247668266296 0.493076354265213 0.5171149373054504
5_Palm_1    538.9960327148438 -115.86045837402344 112.22329711914062    -0.017489101737737656 0.04329976439476013 -0.5735651254653931 -0.8178277611732483
5_Thumb_2    538.688232421875 -114.23420715332031 114.15401458740234    -0.23660790920257568 -0.943039059638977 0.14441964030265808 0.18394872546195984
5_Index_3    543.501708984375 -108.96556091308594 116.9040298461914    -0.01884032040834427 0.04323381185531616 -0.6788373589515686 -0.7327724695205688
5_Middle_4    543.6338500976562 -108.11991882324219 114.6209716796875    -0.00383034348487854 0.04569154977798462 -0.6860958933830261 -0.7260646820068359
5_Ring_5    543.473876953125 -108.2588882446289 112.43487548828125    -0.054876361042261124 0.06937012076377869 -0.6590429544448853 -0.7468859553337097
5_Pinky_6    542.68212890625 -108.14363098144531 110.10436248779297    -0.11491025239229202 0.09209688007831573 -0.5540698766708374 -0.8193413019180298
6_GenesisLeftHand_0    537.6137084960938 -117.5417709350586 110.55342102050781    0.6258301734924316 0.31222933530807495 0.49327510595321655 0.5172321200370789
6_Palm_1    539.0040283203125 -115.83610534667969 112.20823669433594    -0.016697760671377182 0.04263871908187866 -0.5744884014129639 -0.8172308206558228
6_Thumb_2    538.6974487304688 -114.20970153808594 114.13623809814453    -0.23624171316623688 -0.9428837895393372 0.14535051584243774 0.18448059260845184
6_Index_3    543.4849853515625 -108.91571044921875 116.87552642822266    -0.01372501254081726 0.043420106172561646 -0.6809605956077576 -0.7309027910232544
6_Middle_4    543.64697265625 -108.09490966796875 114.59201049804688    -0.0019067004323005676 0.04482254385948181 -0.6863200664520264 -0.7259146571159363
6_Ring_5    543.4929809570312 -108.242919921875 112.41560363769531    -0.05574044585227966 0.06900757551193237 -0.6579253673553467 -0.7478402256965637
6_Pinky_6    542.6934814453125 -108.12401580810547 110.0862045288086    -0.11613357812166214 0.09156788885593414 -0.5536835193634033 -0.8194894194602966
7_GenesisLeftHand_0    537.6363525390625 -117.51800537109375 110.5458755493164    0.6246346831321716 0.31341251730918884 0.4937255084514618 0.5175316333770752
7_Palm_1    539.0214233398438 -115.80488586425781 112.19740295410156    -0.0155256949365139 0.04218980669975281 -0.5755263566970825 -0.8165464997291565
7_Thumb_2    538.7118530273438 -114.17617797851562 114.1212158203125    -0.23585966229438782 -0.942776083946228 0.14635069668293 0.18472820520401
7_Index_3    543.4717407226562 -108.8559799194336 116.85130310058594    -0.008374318480491638 0.04367494583129883 -0.6831913590431213 -0.7288839221000671
7_Middle_4    543.666015625 -108.0611801147461 114.5683364868164    -3.948807716369629e-05 0.044033944606781006 -0.6863778233528137 -0.725910484790802
7_Ring_5    543.51611328125 -108.21692657470703 112.40238952636719    -0.05628833547234535 0.06887757778167725 -0.6568517684936523 -0.7487543225288391
7_Pinky_6    542.7097778320312 -108.09510803222656 110.07292938232422    -0.11645947396755219 0.09140333533287048 -0.5539909601211548 -0.8192535042762756
8_GenesisLeftHand_0    537.668212890625 -117.4874496459961 110.53910827636719    0.6233129501342773 0.3143235445022583 0.49445396661758423 0.5178773403167725
8_Palm_1    539.0466918945312 -115.76734161376953 112.1888427734375    -0.01423158124089241 0.042133629322052 -0.5765557885169983 -0.8158465623855591
8_Thumb_2    538.7332153320312 -114.13665771484375 114.10844421386719    -0.23552356660366058 -0.942756712436676 0.14712472259998322 0.18464212119579315
8_Index_3    543.4635009765625 -108.79174041748047 116.83457946777344    -0.0030611082911491394 0.04418444633483887 -0.6852620840072632 -0.7269484996795654
8_Middle_4    543.6898193359375 -108.02120208740234 114.55330657958984    0.0017863065004348755 0.043603718280792236 -0.6862895488739014 -0.7260180115699768
8_Ring_5    543.54296875 -108.18199920654297 112.39661407470703    -0.05636964738368988 0.06916412711143494 -0.6560499668121338 -0.7494246363639832
8_Pinky_6    542.7317504882812 -108.05799102783203 110.06490325927734    -0.11606059223413467 0.09171858429908752 -0.5549437999725342 -0.8186298608779907
9_GenesisLeftHand_0    537.7042846679688 -117.44995880126953 110.53865814208984    0.6222817301750183 0.3155483603477478 0.4949900209903717 0.5178606510162354
9_Palm_1    539.077392578125 -115.722900390625 112.1856460571289    -0.013387612998485565 0.041727036237716675 -0.57771897315979 -0.8150586485862732
9_Thumb_2    538.7620849609375 -114.08949279785156 114.1006851196289    -0.2349555939435959 -0.9427332878112793 0.1481926143169403 0.184631809592247
9_Index_3    543.4628295898438 -108.72062683105469 116.82199096679688    0.0016338899731636047 0.04451704025268555 -0.6874970197677612 -0.724819540977478
9_Middle_4    543.7208251953125 -107.97539520263672 114.54315948486328    0.0019238963723182678 0.04325422644615173 -0.6859342455863953 -0.7263743877410889
9_Ring_5    543.5716552734375 -108.13721466064453 112.3904037475586    -0.05595867708325386 0.06912702322006226 -0.6557787656784058 -0.7496962547302246
9_Pinky_6    542.7508544921875 -108.0124740600586 110.05150604248047    -0.11638152599334717 0.09164844453334808 -0.5556243062019348 -0.8181304931640625
10_GenesisLeftHand_0    537.7461547851562 -117.4080810546875 110.53736877441406    0.6210019588470459 0.31625714898109436 0.49579623341560364 0.5181930661201477
10_Palm_1    539.112548828125 -115.67483520507812 112.18340301513672    -0.012141633778810501 0.041865766048431396 -0.5786647796630859 -0.814399778842926
10_Thumb_2    538.7938232421875 -114.04035949707031 114.09449005126953    -0.23485799133777618 -0.9427290558815002 0.14891000092029572 0.18419909477233887
10_Index_3    543.4664306640625 -108.6493911743164 116.81395721435547    0.006006993353366852 0.045121997594833374 -0.6892359256744385 -0.7231055498123169
10_Middle_4    543.754150390625 -107.92613220214844 114.53951263427734    0.002144940197467804 0.043009400367736816 -0.6855103373527527 -0.7267881631851196
10_Ring_5    543.6004638671875 -108.08636474609375 112.38542938232422    -0.055314674973487854 0.06918424367904663 -0.6556026935577393 -0.74989253282547
10_Pinky_6    542.7796020507812 -107.9630355834961 110.04364013671875    -0.11568324267864227 0.09164449572563171 -0.5572866201400757 -0.8170986771583557
11_GenesisLeftHand_0    537.793212890625 -117.3619613647461 110.53777313232422    0.6200077533721924 0.3172262907028198 0.4965212941169739 0.5180969834327698
11_Palm_1    539.1536254882812 -115.62273406982422 112.1824722290039    -0.011384449899196625 0.04177495837211609 -0.5797894597053528 -0.8136150240898132
11_Thumb_2    538.8311157226562 -113.98612213134766 114.08944702148438    -0.23450225591659546 -0.9427393674850464 0.14982852339744568 0.183855339884758
11_Index_3    543.4767456054688 -108.57550048828125 116.80953216552734    0.009504854679107666 0.04557257890701294 -0.6909261345863342 -0.7214248776435852
11_Middle_4    543.790283203125 -107.87088775634766 114.53605651855469    0.0014843568205833435 0.042790114879608154 -0.6851382255554199 -0.7271536588668823
11_Ring_5    543.631103515625 -108.02833557128906 112.37623596191406    -0.055876705795526505 0.06896677613258362 -0.6555478572845459 -0.7499189972877502
11_Pinky_6    542.8074340820312 -107.90786743164062 110.03177642822266    -0.11556127667427063 0.09148293733596802 -0.5585023760795593 -0.8163034915924072
12_GenesisLeftHand_0    537.846923828125 -117.31147766113281 110.54100036621094    0.618663489818573 0.31786227226257324 0.497374027967453 0.5184959173202515
12_Palm_1    539.2003784179688 -115.56610870361328 112.18494415283203    -0.01004842296242714 0.04199734330177307 -0.5807074308395386 -0.8129661083221436
12_Thumb_2    538.8726806640625 -113.92640686035156 114.08675384521484    -0.23453330993652344 -0.9427711963653564 0.15078596770763397 0.18286648392677307
12_Index_3    543.494384765625 -108.49810028076172 116.80744171142578    0.012495450675487518 0.04611542820930481 -0.6923134922981262 -0.7200132608413696
12_Middle_4    543.8301391601562 -107.80946350097656 114.5352554321289    0.0008734613656997681 0.04284629225730896 -0.6846839189529419 -0.7275789976119995
12_Ring_5    543.6654052734375 -107.963623046875 112.36915588378906    -0.056181058287620544 0.06882297992706299 -0.6558084487915039 -0.7496814727783203
12_Pinky_6    542.8440551757812 -107.84916687011719 110.02035522460938    -0.1146116778254509 0.09130607545375824 -0.5602982044219971 -0.8152258992195129
13_GenesisLeftHand_0    537.8888549804688 -117.26617431640625 110.5450439453125    0.6179644465446472 0.31848055124282837 0.49780112504959106 0.5185403227806091
13_Palm_1    539.2384643554688 -115.51679229736328 112.18785095214844    -0.00944814458489418 0.04191121459007263 -0.5813874006271362 -0.812491774559021
13_Thumb_2    538.9081420898438 -113.8755111694336 114.0873794555664    -0.23456409573554993 -0.942739725112915 0.15164433419704437 0.18227899074554443
13_Index_3    543.513916015625 -108.43508911132812 116.80648040771484    0.0140160471200943 0.04631012678146362 -0.6932309865951538 -0.7190893888473511
13_Middle_4    543.8641357421875 -107.75665283203125 114.5350570678711    -0.00017962604761123657 0.04271170496940613 -0.6843116283416748 -0.727937638759613
13_Ring_5    543.6947631835938 -107.90860748291016 112.36358642578125    -0.05669127404689789 0.06845653057098389 -0.6560766696929932 -0.7494418025016785
13_Pinky_6    542.876220703125 -107.80018615722656 110.01033020019531    -0.11401504278182983 0.09085382521152496 -0.5612876415252686 -0.8146793246269226
14_GenesisLeftHand_0    537.9417724609375 -117.21528625488281 110.55049133300781    0.6168747544288635 0.3188278079032898 0.49845874309539795 0.5189924836158752
14_Palm_1    539.2860107421875 -115.46142578125 112.19293212890625    -0.00828973576426506 0.04217669367790222 -0.5819801092147827 -0.8120661377906799
14_Thumb_2    538.9500122070312 -113.81735229492188 114.0885238647461    -0.23476561903953552 -0.9427657127380371 0.15249545872211456 0.18117065727710724
14_Index_3    543.5418090820312 -108.36573791503906 116.80783081054688    0.01513013243675232 0.04653751850128174 -0.6938872337341309 -0.718419075012207
14_Middle_4    543.9027709960938 -107.69558715820312 114.53726196289062    -0.0009407401084899902 0.042836159467697144 -0.6839475631713867 -0.7282719016075134
14_Ring_5    543.7295532226562 -107.84517669677734 112.3599853515625    -0.05660967528820038 0.06831488013267517 -0.6566058397293091 -0.7489974498748779
14_Pinky_6    542.9172973632812 -107.74407196044922 110.00130462646484    -0.11241922527551651 0.09060075879096985 -0.5624984502792358 -0.8140939474105835
15_GenesisLeftHand_0    537.9899291992188 -117.16572570800781 110.55851745605469    0.6163786053657532 0.3194555342197418 0.4987250566482544 0.518940269947052
15_Palm_1    539.3314819335938 -115.4084701538086 112.19954681396484    -0.007911168038845062 0.041963160037994385 -0.5825756788253784 -0.8116539120674133
15_Thumb_2    538.992919921875 -113.7624282836914 114.09343719482422    -0.23462915420532227 -0.9427751302719116 0.1533900946378708 0.18054306507110596
15_Index_3    543.5750122070312 -108.30253601074219 116.8103256225586    0.01520441472530365 0.0464286208152771 -0.6944537162780762 -0.7178768515586853
15_Middle_4    543.94140625 -107.63668823242188 114.53843688964844    -0.0022721216082572937 0.04260709881782532 -0.6838719844818115 -0.7283534407615662
15_Ring_5    543.7637939453125 -107.78462982177734 112.35436248779297    -0.057046305388212204 0.06773641705513 -0.6572320461273193 -0.7484675049781799
15_Pinky_6    542.9534301757812 -107.6901626586914 109.99040985107422    -0.11150174587965012 0.08989959955215454 -0.562914252281189 -0.8140104413032532
16_GenesisLeftHand_0    538.0460815429688 -117.11781311035156 110.56704711914062    0.6152785420417786 0.31954631209373474 0.4993298053741455 0.5196077227592468
16_Palm_1    539.3826904296875 -115.35677337646484 112.20806121826172    -0.006616607308387756 0.04235684871673584 -0.582933783531189 -0.811387836933136
16_Thumb_2    539.0390625 -113.7077407836914 114.09750366210938    -0.23497866094112396 -0.9428181052207947 0.1540534347295761 0.17929477989673615
16_Index_3    543.6126708984375 -108.24097442626953 116.81475067138672    0.0151219442486763 0.0464550256729126 -0.6945229768753052 -0.7178099155426025
16_Middle_4    543.9794921875 -107.5763168334961 114.54300689697266    -0.002526797354221344 0.04285576939582825 -0.6837449073791504 -0.7284572124481201
16_Ring_5    543.8008422851562 -107.72359466552734 112.3541488647461    -0.05615263059735298 0.0676882266998291 -0.6580778360366821 -0.7477959394454956
16_Pinky_6    543.0005493164062 -107.63821411132812 109.98566436767578    -0.10914880037307739 0.08964815735816956 -0.564194917678833 -0.8134701251983643
17_GenesisLeftHand_0    538.1065673828125 -117.07035827636719 110.57744598388672    0.6148461699485779 0.32036134600639343 0.49964094161987305 0.5193184614181519
17_Palm_1    539.440185546875 -115.30563354492188 112.2169189453125    -0.0064326077699661255 0.04205590486526489 -0.5837153196334839 -0.8108429908752441
17_Thumb_2    539.093994140625 -113.6545639038086 114.10437774658203    -0.23461049795150757 -0.9428603649139404 0.1550166755914688 0.17872287333011627
17_Index_3    543.6578369140625 -108.18013000488281 116.82066345214844    0.014072045683860779 0.046069204807281494 -0.6948355436325073 -0.7175534963607788
17_Middle_4    544.0213623046875 -107.51384735107422 114.54491424560547    -0.0037387311458587646 0.04254680871963501 -0.6842284202575684 -0.7280159592628479
17_Ring_5    543.8399047851562 -107.6611099243164 112.34773254394531    -0.05636485666036606 0.06693673133850098 -0.659117579460144 -0.746931254863739
17_Pinky_6    543.0411987304688 -107.5835189819336 109.97352600097656    -0.10823926329612732 0.08892208337783813 -0.5643828511238098 -0.813541054725647
18_GenesisLeftHand_0    538.170166015625 -117.02687072753906 110.5877456665039    0.6138789653778076 0.32064288854599 0.50019371509552 0.5197566747665405
18_Palm_1    539.4991455078125 -115.25827026367188 112.22679138183594    -0.005382530391216278 0.04228571057319641 -0.584197998046875 -0.8104910254478455
18_Thumb_2    539.1500854492188 -113.60568237304688 114.11064910888672    -0.2348325401544571 -0.9428924322128296 0.15569190680980682 0.17767247557640076
18_Index_3    543.7056884765625 -108.12362670898438 116.82542419433594    0.012912064790725708 0.04583367705345154 -0.6946884393692017 -0.717732846736908
18_Middle_4    544.0611572265625 -107.45333862304688 114.54833221435547    -0.0037307366728782654 0.042695850133895874 -0.6846047639846802 -0.7276533842086792
18_Ring_5    543.8820190429688 -107.60248565673828 112.3464126586914    -0.055199380964040756 0.06666773557662964 -0.6603289842605591 -0.7459718585014343
18_Pinky_6    543.094970703125 -107.53569793701172 109.96943664550781    -0.10590977221727371 0.08839114010334015 -0.5657771825790405 -0.8129367828369141
