0_DMShelfMountingBar_0    443.5091247558594 -37.43075942993164 114.80071258544922    -1.2732332965725845e-09 0.0006282738177105784 -0.9999998211860657 2.0265574676159304e-06
0_DMShelfMountingBar_1    459.8792419433594 -37.43075942993164 114.80071258544922    -1.2732332965725845e-09 0.0006282738177105784 -0.9999998211860657 2.0265574676159304e-06
0_DMShelfMountingBar_2    476.4291076660156 -37.43075942993164 114.80071258544922    -1.2732258580783196e-09 0.0006282701506279409 -0.9999998211860657 2.0265574676159304e-06
0_DMShelfMountingBar_3    490.8443908691406 -37.43075942993164 114.80071258544922    -1.273255945122287e-09 0.0006282849935814738 -0.9999998211860657 2.0265574676159304e-06
0_DMShelfMountingBar_4    507.2651062011719 -37.42591094970703 114.43058013916016    -2.5273857673369093e-08 0.012471322901546955 -0.9999222159385681 2.026400352406199e-06
0_DMShelfMountingBar_5    459.8792419433594 -37.43076705932617 86.50959014892578    -1.2732332965725845e-09 0.0006282738177105784 -0.9999998211860657 2.0265574676159304e-06
0_DMShelfMountingBar_6    476.4291076660156 -37.43076705932617 86.50959014892578    -1.2732258580783196e-09 0.0006282701506279409 -0.9999998211860657 2.0265574676159304e-06
0_DMShelfMountingBar_7    490.8443908691406 -37.43076705932617 86.50959014892578    -1.273255945122287e-09 0.0006282849935814738 -0.9999998211860657 2.0265574676159304e-06
0_DMShelfMountingBar_8    507.2651062011719 -37.43076705932617 86.50959014892578    -1.273255945122287e-09 0.0006282849935814738 -0.9999998211860657 2.0265574676159304e-06
0_DMShelfMountingBar_9    443.5091247558594 -37.43076705932617 86.50959014892578    -1.2732332965725845e-09 0.0006282738177105784 -0.9999998211860657 2.0265574676159304e-06
1_DMShelfMountingBar_0    443.5091247558594 -37.43075942993164 114.80071258544922    -1.2732332965725845e-09 0.0006282738177105784 -0.9999998211860657 2.0265574676159304e-06
1_DMShelfMountingBar_1    459.8792419433594 -37.43075942993164 114.80071258544922    -1.2732332965725845e-09 0.0006282738177105784 -0.9999998211860657 2.0265574676159304e-06
1_DMShelfMountingBar_2    476.4291076660156 -37.43075942993164 114.80071258544922    -1.2732258580783196e-09 0.0006282701506279409 -0.9999998211860657 2.0265574676159304e-06
1_DMShelfMountingBar_3    490.8443908691406 -37.43075942993164 114.80071258544922    -1.273255945122287e-09 0.0006282849935814738 -0.9999998211860657 2.0265574676159304e-06
1_DMShelfMountingBar_4    507.2651062011719 -37.42591094970703 114.43058013916016    -2.5273857673369093e-08 0.012471322901546955 -0.9999222159385681 2.026400352406199e-06
1_DMShelfMountingBar_5    459.8792419433594 -37.43076705932617 86.50959014892578    -1.2732332965725845e-09 0.0006282738177105784 -0.9999998211860657 2.0265574676159304e-06
1_DMShelfMountingBar_6    476.4291076660156 -37.43076705932617 86.50959014892578    -1.2732258580783196e-09 0.0006282701506279409 -0.9999998211860657 2.0265574676159304e-06
1_DMShelfMountingBar_7    490.8443908691406 -37.43076705932617 86.50959014892578    -1.273255945122287e-09 0.0006282849935814738 -0.9999998211860657 2.0265574676159304e-06
1_DMShelfMountingBar_8    507.2651062011719 -37.43076705932617 86.50959014892578    -1.273255945122287e-09 0.0006282849935814738 -0.9999998211860657 2.0265574676159304e-06
1_DMShelfMountingBar_9    443.5091247558594 -37.43076705932617 86.50959014892578    -1.2732332965725845e-09 0.0006282738177105784 -0.9999998211860657 2.0265574676159304e-06
2_DMShelfMountingBar_0    443.5091247558594 -37.43075942993164 114.80071258544922    -1.2732332965725845e-09 0.0006282738177105784 -0.9999998211860657 2.0265574676159304e-06
2_DMShelfMountingBar_1    459.8792419433594 -37.43075942993164 114.80071258544922    -1.2732332965725845e-09 0.0006282738177105784 -0.9999998211860657 2.0265574676159304e-06
2_DMShelfMountingBar_2    476.4291076660156 -37.43075942993164 114.80071258544922    -1.2732258580783196e-09 0.0006282701506279409 -0.9999998211860657 2.0265574676159304e-06
2_DMShelfMountingBar_3    490.8443908691406 -37.43075942993164 114.80071258544922    -1.273255945122287e-09 0.0006282849935814738 -0.9999998211860657 2.0265574676159304e-06
2_DMShelfMountingBar_4    507.2651062011719 -37.42591094970703 114.43058013916016    -2.5273857673369093e-08 0.012471322901546955 -0.9999222159385681 2.026400352406199e-06
2_DMShelfMountingBar_5    459.8792419433594 -37.43076705932617 86.50959014892578    -1.2732332965725845e-09 0.0006282738177105784 -0.9999998211860657 2.0265574676159304e-06
2_DMShelfMountingBar_6    476.4291076660156 -37.43076705932617 86.50959014892578    -1.2732258580783196e-09 0.0006282701506279409 -0.9999998211860657 2.0265574676159304e-06
2_DMShelfMountingBar_7    490.8443908691406 -37.43076705932617 86.50959014892578    -1.273255945122287e-09 0.0006282849935814738 -0.9999998211860657 2.0265574676159304e-06
2_DMShelfMountingBar_8    507.2651062011719 -37.43076705932617 86.50959014892578    -1.273255945122287e-09 0.0006282849935814738 -0.9999998211860657 2.0265574676159304e-06
2_DMShelfMountingBar_9    443.5091247558594 -37.43076705932617 86.50959014892578    -1.2732332965725845e-09 0.0006282738177105784 -0.9999998211860657 2.0265574676159304e-06
3_DMShelfMountingBar_0    443.5091247558594 -37.43075942993164 114.80071258544922    -1.2732332965725845e-09 0.0006282738177105784 -0.9999998211860657 2.0265574676159304e-06
3_DMShelfMountingBar_1    459.8792419433594 -37.43075942993164 114.80071258544922    -1.2732332965725845e-09 0.0006282738177105784 -0.9999998211860657 2.0265574676159304e-06
3_DMShelfMountingBar_2    476.4291076660156 -37.43075942993164 114.80071258544922    -1.2732258580783196e-09 0.0006282701506279409 -0.9999998211860657 2.0265574676159304e-06
3_DMShelfMountingBar_3    490.8443908691406 -37.43075942993164 114.80071258544922    -1.273255945122287e-09 0.0006282849935814738 -0.9999998211860657 2.0265574676159304e-06
3_DMShelfMountingBar_4    507.2651062011719 -37.42591094970703 114.43058013916016    -2.5273857673369093e-08 0.012471322901546955 -0.9999222159385681 2.026400352406199e-06
3_DMShelfMountingBar_5    459.8792419433594 -37.43076705932617 86.50959014892578    -1.2732332965725845e-09 0.0006282738177105784 -0.9999998211860657 2.0265574676159304e-06
3_DMShelfMountingBar_6    476.4291076660156 -37.43076705932617 86.50959014892578    -1.2732258580783196e-09 0.0006282701506279409 -0.9999998211860657 2.0265574676159304e-06
3_DMShelfMountingBar_7    490.8443908691406 -37.43076705932617 86.50959014892578    -1.273255945122287e-09 0.0006282849935814738 -0.9999998211860657 2.0265574676159304e-06
3_DMShelfMountingBar_8    507.2651062011719 -37.43076705932617 86.50959014892578    -1.273255945122287e-09 0.0006282849935814738 -0.9999998211860657 2.0265574676159304e-06
3_DMShelfMountingBar_9    443.5091247558594 -37.43076705932617 86.50959014892578    -1.2732332965725845e-09 0.0006282738177105784 -0.9999998211860657 2.0265574676159304e-06
4_DMShelfMountingBar_0    443.5091247558594 -37.43075942993164 114.80071258544922    -1.2732332965725845e-09 0.0006282738177105784 -0.9999998211860657 2.0265574676159304e-06
4_DMShelfMountingBar_1    459.8792419433594 -37.43075942993164 114.80071258544922    -1.2732332965725845e-09 0.0006282738177105784 -0.9999998211860657 2.0265574676159304e-06
4_DMShelfMountingBar_2    476.4291076660156 -37.43075942993164 114.80071258544922    -1.2732258580783196e-09 0.0006282701506279409 -0.9999998211860657 2.0265574676159304e-06
4_DMShelfMountingBar_3    490.8443908691406 -37.43075942993164 114.80071258544922    -1.273255945122287e-09 0.0006282849935814738 -0.9999998211860657 2.0265574676159304e-06
4_DMShelfMountingBar_4    507.2651062011719 -37.42591094970703 114.43058013916016    -2.5273857673369093e-08 0.012471322901546955 -0.9999222159385681 2.026400352406199e-06
4_DMShelfMountingBar_5    459.8792419433594 -37.43076705932617 86.50959014892578    -1.2732332965725845e-09 0.0006282738177105784 -0.9999998211860657 2.0265574676159304e-06
4_DMShelfMountingBar_6    476.4291076660156 -37.43076705932617 86.50959014892578    -1.2732258580783196e-09 0.0006282701506279409 -0.9999998211860657 2.0265574676159304e-06
4_DMShelfMountingBar_7    490.8443908691406 -37.43076705932617 86.50959014892578    -1.273255945122287e-09 0.0006282849935814738 -0.9999998211860657 2.0265574676159304e-06
4_DMShelfMountingBar_8    507.2651062011719 -37.43076705932617 86.50959014892578    -1.273255945122287e-09 0.0006282849935814738 -0.9999998211860657 2.0265574676159304e-06
4_DMShelfMountingBar_9    443.5091247558594 -37.43076705932617 86.50959014892578    -1.2732332965725845e-09 0.0006282738177105784 -0.9999998211860657 2.0265574676159304e-06
5_DMShelfMountingBar_0    443.5091247558594 -37.43075942993164 114.80071258544922    -1.2732332965725845e-09 0.0006282738177105784 -0.9999998211860657 2.0265574676159304e-06
5_DMShelfMountingBar_1    459.8792419433594 -37.43075942993164 114.80071258544922    -1.2732332965725845e-09 0.0006282738177105784 -0.9999998211860657 2.0265574676159304e-06
5_DMShelfMountingBar_2    476.4291076660156 -37.43075942993164 114.80071258544922    -1.2732258580783196e-09 0.0006282701506279409 -0.9999998211860657 2.0265574676159304e-06
5_DMShelfMountingBar_3    490.8443908691406 -37.43075942993164 114.80071258544922    -1.273255945122287e-09 0.0006282849935814738 -0.9999998211860657 2.0265574676159304e-06
5_DMShelfMountingBar_4    507.2651062011719 -37.42591094970703 114.43058013916016    -2.5273857673369093e-08 0.012471322901546955 -0.9999222159385681 2.026400352406199e-06
5_DMShelfMountingBar_5    459.8792419433594 -37.43076705932617 86.50959014892578    -1.2732332965725845e-09 0.0006282738177105784 -0.9999998211860657 2.0265574676159304e-06
5_DMShelfMountingBar_6    476.4291076660156 -37.43076705932617 86.50959014892578    -1.2732258580783196e-09 0.0006282701506279409 -0.9999998211860657 2.0265574676159304e-06
5_DMShelfMountingBar_7    490.8443908691406 -37.43076705932617 86.50959014892578    -1.273255945122287e-09 0.0006282849935814738 -0.9999998211860657 2.0265574676159304e-06
5_DMShelfMountingBar_8    507.2651062011719 -37.43076705932617 86.50959014892578    -1.273255945122287e-09 0.0006282849935814738 -0.9999998211860657 2.0265574676159304e-06
5_DMShelfMountingBar_9    443.5091247558594 -37.43076705932617 86.50959014892578    -1.2732332965725845e-09 0.0006282738177105784 -0.9999998211860657 2.0265574676159304e-06
6_DMShelfMountingBar_0    443.5091247558594 -37.43075942993164 114.80071258544922    -1.2732332965725845e-09 0.0006282738177105784 -0.9999998211860657 2.0265574676159304e-06
6_DMShelfMountingBar_1    459.8792419433594 -37.43075942993164 114.80071258544922    -1.2732332965725845e-09 0.0006282738177105784 -0.9999998211860657 2.0265574676159304e-06
6_DMShelfMountingBar_2    476.4291076660156 -37.43075942993164 114.80071258544922    -1.2732258580783196e-09 0.0006282701506279409 -0.9999998211860657 2.0265574676159304e-06
6_DMShelfMountingBar_3    490.8443908691406 -37.43075942993164 114.80071258544922    -1.273255945122287e-09 0.0006282849935814738 -0.9999998211860657 2.0265574676159304e-06
6_DMShelfMountingBar_4    507.2651062011719 -37.42591094970703 114.43058013916016    -2.5273857673369093e-08 0.012471322901546955 -0.9999222159385681 2.026400352406199e-06
6_DMShelfMountingBar_5    459.8792419433594 -37.43076705932617 86.50959014892578    -1.2732332965725845e-09 0.0006282738177105784 -0.9999998211860657 2.0265574676159304e-06
6_DMShelfMountingBar_6    476.4291076660156 -37.43076705932617 86.50959014892578    -1.2732258580783196e-09 0.0006282701506279409 -0.9999998211860657 2.0265574676159304e-06
6_DMShelfMountingBar_7    490.8443908691406 -37.43076705932617 86.50959014892578    -1.273255945122287e-09 0.0006282849935814738 -0.9999998211860657 2.0265574676159304e-06
6_DMShelfMountingBar_8    507.2651062011719 -37.43076705932617 86.50959014892578    -1.273255945122287e-09 0.0006282849935814738 -0.9999998211860657 2.0265574676159304e-06
6_DMShelfMountingBar_9    443.5091247558594 -37.43076705932617 86.50959014892578    -1.2732332965725845e-09 0.0006282738177105784 -0.9999998211860657 2.0265574676159304e-06
7_DMShelfMountingBar_0    443.5091247558594 -37.43075942993164 114.80071258544922    -1.2732332965725845e-09 0.0006282738177105784 -0.9999998211860657 2.0265574676159304e-06
7_DMShelfMountingBar_1    459.8792419433594 -37.43075942993164 114.80071258544922    -1.2732332965725845e-09 0.0006282738177105784 -0.9999998211860657 2.0265574676159304e-06
7_DMShelfMountingBar_2    476.4291076660156 -37.43075942993164 114.80071258544922    -1.2732258580783196e-09 0.0006282701506279409 -0.9999998211860657 2.0265574676159304e-06
7_DMShelfMountingBar_3    490.8443908691406 -37.43075942993164 114.80071258544922    -1.273255945122287e-09 0.0006282849935814738 -0.9999998211860657 2.0265574676159304e-06
7_DMShelfMountingBar_4    507.2651062011719 -37.42591094970703 114.43058013916016    -2.5273857673369093e-08 0.012471322901546955 -0.9999222159385681 2.026400352406199e-06
7_DMShelfMountingBar_5    459.8792419433594 -37.43076705932617 86.50959014892578    -1.2732332965725845e-09 0.0006282738177105784 -0.9999998211860657 2.0265574676159304e-06
7_DMShelfMountingBar_6    476.4291076660156 -37.43076705932617 86.50959014892578    -1.2732258580783196e-09 0.0006282701506279409 -0.9999998211860657 2.0265574676159304e-06
7_DMShelfMountingBar_7    490.8443908691406 -37.43076705932617 86.50959014892578    -1.273255945122287e-09 0.0006282849935814738 -0.9999998211860657 2.0265574676159304e-06
7_DMShelfMountingBar_8    507.2651062011719 -37.43076705932617 86.50959014892578    -1.273255945122287e-09 0.0006282849935814738 -0.9999998211860657 2.0265574676159304e-06
7_DMShelfMountingBar_9    443.5091247558594 -37.43076705932617 86.50959014892578    -1.2732332965725845e-09 0.0006282738177105784 -0.9999998211860657 2.0265574676159304e-06
8_DMShelfMountingBar_0    443.5091247558594 -37.43075942993164 114.80071258544922    -1.2732332965725845e-09 0.0006282738177105784 -0.9999998211860657 2.0265574676159304e-06
8_DMShelfMountingBar_1    459.8792419433594 -37.43075942993164 114.80071258544922    -1.2732332965725845e-09 0.0006282738177105784 -0.9999998211860657 2.0265574676159304e-06
8_DMShelfMountingBar_2    476.4291076660156 -37.43075942993164 114.80071258544922    -1.2732258580783196e-09 0.0006282701506279409 -0.9999998211860657 2.0265574676159304e-06
8_DMShelfMountingBar_3    490.8443908691406 -37.43075942993164 114.80071258544922    -1.273255945122287e-09 0.0006282849935814738 -0.9999998211860657 2.0265574676159304e-06
8_DMShelfMountingBar_4    507.2651062011719 -37.42591094970703 114.43058013916016    -2.5273857673369093e-08 0.012471322901546955 -0.9999222159385681 2.026400352406199e-06
8_DMShelfMountingBar_5    459.8792419433594 -37.43076705932617 86.50959014892578    -1.2732332965725845e-09 0.0006282738177105784 -0.9999998211860657 2.0265574676159304e-06
8_DMShelfMountingBar_6    476.4291076660156 -37.43076705932617 86.50959014892578    -1.2732258580783196e-09 0.0006282701506279409 -0.9999998211860657 2.0265574676159304e-06
8_DMShelfMountingBar_7    490.8443908691406 -37.43076705932617 86.50959014892578    -1.273255945122287e-09 0.0006282849935814738 -0.9999998211860657 2.0265574676159304e-06
8_DMShelfMountingBar_8    507.2651062011719 -37.43076705932617 86.50959014892578    -1.273255945122287e-09 0.0006282849935814738 -0.9999998211860657 2.0265574676159304e-06
8_DMShelfMountingBar_9    443.5091247558594 -37.43076705932617 86.50959014892578    -1.2732332965725845e-09 0.0006282738177105784 -0.9999998211860657 2.0265574676159304e-06
9_DMShelfMountingBar_0    443.5091247558594 -37.43075942993164 114.80071258544922    -1.2732332965725845e-09 0.0006282738177105784 -0.9999998211860657 2.0265574676159304e-06
9_DMShelfMountingBar_1    459.8792419433594 -37.43075942993164 114.80071258544922    -1.2732332965725845e-09 0.0006282738177105784 -0.9999998211860657 2.0265574676159304e-06
9_DMShelfMountingBar_2    476.4291076660156 -37.43075942993164 114.80071258544922    -1.2732258580783196e-09 0.0006282701506279409 -0.9999998211860657 2.0265574676159304e-06
9_DMShelfMountingBar_3    490.8443908691406 -37.43075942993164 114.80071258544922    -1.273255945122287e-09 0.0006282849935814738 -0.9999998211860657 2.0265574676159304e-06
9_DMShelfMountingBar_4    507.2651062011719 -37.42591094970703 114.43058013916016    -2.5273857673369093e-08 0.012471322901546955 -0.9999222159385681 2.026400352406199e-06
9_DMShelfMountingBar_5    459.8792419433594 -37.43076705932617 86.50959014892578    -1.2732332965725845e-09 0.0006282738177105784 -0.9999998211860657 2.0265574676159304e-06
9_DMShelfMountingBar_6    476.4291076660156 -37.43076705932617 86.50959014892578    -1.2732258580783196e-09 0.0006282701506279409 -0.9999998211860657 2.0265574676159304e-06
9_DMShelfMountingBar_7    490.8443908691406 -37.43076705932617 86.50959014892578    -1.273255945122287e-09 0.0006282849935814738 -0.9999998211860657 2.0265574676159304e-06
9_DMShelfMountingBar_8    507.2651062011719 -37.43076705932617 86.50959014892578    -1.273255945122287e-09 0.0006282849935814738 -0.9999998211860657 2.0265574676159304e-06
9_DMShelfMountingBar_9    443.5091247558594 -37.43076705932617 86.50959014892578    -1.2732332965725845e-09 0.0006282738177105784 -0.9999998211860657 2.0265574676159304e-06
10_DMShelfMountingBar_0    443.5091247558594 -37.43075942993164 114.80071258544922    -1.2732332965725845e-09 0.0006282738177105784 -0.9999998211860657 2.0265574676159304e-06
10_DMShelfMountingBar_1    459.8792419433594 -37.43075942993164 114.80071258544922    -1.2732332965725845e-09 0.0006282738177105784 -0.9999998211860657 2.0265574676159304e-06
10_DMShelfMountingBar_2    476.4291076660156 -37.43075942993164 114.80071258544922    -1.2732258580783196e-09 0.0006282701506279409 -0.9999998211860657 2.0265574676159304e-06
10_DMShelfMountingBar_3    490.8443908691406 -37.43075942993164 114.80071258544922    -1.273255945122287e-09 0.0006282849935814738 -0.9999998211860657 2.0265574676159304e-06
10_DMShelfMountingBar_4    507.2651062011719 -37.42591094970703 114.43058013916016    -2.5273857673369093e-08 0.012471322901546955 -0.9999222159385681 2.026400352406199e-06
10_DMShelfMountingBar_5    459.8792419433594 -37.43076705932617 86.50959014892578    -1.2732332965725845e-09 0.0006282738177105784 -0.9999998211860657 2.0265574676159304e-06
10_DMShelfMountingBar_6    476.4291076660156 -37.43076705932617 86.50959014892578    -1.2732258580783196e-09 0.0006282701506279409 -0.9999998211860657 2.0265574676159304e-06
10_DMShelfMountingBar_7    490.8443908691406 -37.43076705932617 86.50959014892578    -1.273255945122287e-09 0.0006282849935814738 -0.9999998211860657 2.0265574676159304e-06
10_DMShelfMountingBar_8    507.2651062011719 -37.43076705932617 86.50959014892578    -1.273255945122287e-09 0.0006282849935814738 -0.9999998211860657 2.0265574676159304e-06
10_DMShelfMountingBar_9    443.5091247558594 -37.43076705932617 86.50959014892578    -1.2732332965725845e-09 0.0006282738177105784 -0.9999998211860657 2.0265574676159304e-06
11_DMShelfMountingBar_0    443.5091247558594 -37.43075942993164 114.80071258544922    -1.2732332965725845e-09 0.0006282738177105784 -0.9999998211860657 2.0265574676159304e-06
11_DMShelfMountingBar_1    459.8792419433594 -37.43075942993164 114.80071258544922    -1.2732332965725845e-09 0.0006282738177105784 -0.9999998211860657 2.0265574676159304e-06
11_DMShelfMountingBar_2    476.4291076660156 -37.43075942993164 114.80071258544922    -1.2732258580783196e-09 0.0006282701506279409 -0.9999998211860657 2.0265574676159304e-06
11_DMShelfMountingBar_3    490.8443908691406 -37.43075942993164 114.80071258544922    -1.273255945122287e-09 0.0006282849935814738 -0.9999998211860657 2.0265574676159304e-06
11_DMShelfMountingBar_4    507.2651062011719 -37.42591094970703 114.43058013916016    -2.5273857673369093e-08 0.012471322901546955 -0.9999222159385681 2.026400352406199e-06
11_DMShelfMountingBar_5    459.8792419433594 -37.43076705932617 86.50959014892578    -1.2732332965725845e-09 0.0006282738177105784 -0.9999998211860657 2.0265574676159304e-06
11_DMShelfMountingBar_6    476.4291076660156 -37.43076705932617 86.50959014892578    -1.2732258580783196e-09 0.0006282701506279409 -0.9999998211860657 2.0265574676159304e-06
11_DMShelfMountingBar_7    490.8443908691406 -37.43076705932617 86.50959014892578    -1.273255945122287e-09 0.0006282849935814738 -0.9999998211860657 2.0265574676159304e-06
11_DMShelfMountingBar_8    507.2651062011719 -37.43076705932617 86.50959014892578    -1.273255945122287e-09 0.0006282849935814738 -0.9999998211860657 2.0265574676159304e-06
11_DMShelfMountingBar_9    443.5091247558594 -37.43076705932617 86.50959014892578    -1.2732332965725845e-09 0.0006282738177105784 -0.9999998211860657 2.0265574676159304e-06
12_DMShelfMountingBar_0    443.5091247558594 -37.43075942993164 114.80071258544922    -1.2732332965725845e-09 0.0006282738177105784 -0.9999998211860657 2.0265574676159304e-06
12_DMShelfMountingBar_1    459.8792419433594 -37.43075942993164 114.80071258544922    -1.2732332965725845e-09 0.0006282738177105784 -0.9999998211860657 2.0265574676159304e-06
12_DMShelfMountingBar_2    476.4291076660156 -37.43075942993164 114.80071258544922    -1.2732258580783196e-09 0.0006282701506279409 -0.9999998211860657 2.0265574676159304e-06
12_DMShelfMountingBar_3    490.8443908691406 -37.43075942993164 114.80071258544922    -1.273255945122287e-09 0.0006282849935814738 -0.9999998211860657 2.0265574676159304e-06
12_DMShelfMountingBar_4    507.2651062011719 -37.42591094970703 114.43058013916016    -2.5273857673369093e-08 0.012471322901546955 -0.9999222159385681 2.026400352406199e-06
12_DMShelfMountingBar_5    459.8792419433594 -37.43076705932617 86.50959014892578    -1.2732332965725845e-09 0.0006282738177105784 -0.9999998211860657 2.0265574676159304e-06
12_DMShelfMountingBar_6    476.4291076660156 -37.43076705932617 86.50959014892578    -1.2732258580783196e-09 0.0006282701506279409 -0.9999998211860657 2.0265574676159304e-06
12_DMShelfMountingBar_7    490.8443908691406 -37.43076705932617 86.50959014892578    -1.273255945122287e-09 0.0006282849935814738 -0.9999998211860657 2.0265574676159304e-06
12_DMShelfMountingBar_8    507.2651062011719 -37.43076705932617 86.50959014892578    -1.273255945122287e-09 0.0006282849935814738 -0.9999998211860657 2.0265574676159304e-06
12_DMShelfMountingBar_9    443.5091247558594 -37.43076705932617 86.50959014892578    -1.2732332965725845e-09 0.0006282738177105784 -0.9999998211860657 2.0265574676159304e-06
13_DMShelfMountingBar_0    443.5091247558594 -37.43075942993164 114.80071258544922    -1.2732332965725845e-09 0.0006282738177105784 -0.9999998211860657 2.0265574676159304e-06
13_DMShelfMountingBar_1    459.8792419433594 -37.43075942993164 114.80071258544922    -1.2732332965725845e-09 0.0006282738177105784 -0.9999998211860657 2.0265574676159304e-06
13_DMShelfMountingBar_2    476.4291076660156 -37.43075942993164 114.80071258544922    -1.2732258580783196e-09 0.0006282701506279409 -0.9999998211860657 2.0265574676159304e-06
13_DMShelfMountingBar_3    490.8443908691406 -37.43075942993164 114.80071258544922    -1.273255945122287e-09 0.0006282849935814738 -0.9999998211860657 2.0265574676159304e-06
13_DMShelfMountingBar_4    507.2651062011719 -37.42591094970703 114.43058013916016    -2.5273857673369093e-08 0.012471322901546955 -0.9999222159385681 2.026400352406199e-06
13_DMShelfMountingBar_5    459.8792419433594 -37.43076705932617 86.50959014892578    -1.2732332965725845e-09 0.0006282738177105784 -0.9999998211860657 2.0265574676159304e-06
13_DMShelfMountingBar_6    476.4291076660156 -37.43076705932617 86.50959014892578    -1.2732258580783196e-09 0.0006282701506279409 -0.9999998211860657 2.0265574676159304e-06
13_DMShelfMountingBar_7    490.8443908691406 -37.43076705932617 86.50959014892578    -1.273255945122287e-09 0.0006282849935814738 -0.9999998211860657 2.0265574676159304e-06
13_DMShelfMountingBar_8    507.2651062011719 -37.43076705932617 86.50959014892578    -1.273255945122287e-09 0.0006282849935814738 -0.9999998211860657 2.0265574676159304e-06
13_DMShelfMountingBar_9    443.5091247558594 -37.43076705932617 86.50959014892578    -1.2732332965725845e-09 0.0006282738177105784 -0.9999998211860657 2.0265574676159304e-06
14_DMShelfMountingBar_0    443.5091247558594 -37.43075942993164 114.80071258544922    -1.2732332965725845e-09 0.0006282738177105784 -0.9999998211860657 2.0265574676159304e-06
14_DMShelfMountingBar_1    459.8792419433594 -37.43075942993164 114.80071258544922    -1.2732332965725845e-09 0.0006282738177105784 -0.9999998211860657 2.0265574676159304e-06
14_DMShelfMountingBar_2    476.4291076660156 -37.43075942993164 114.80071258544922    -1.2732258580783196e-09 0.0006282701506279409 -0.9999998211860657 2.0265574676159304e-06
14_DMShelfMountingBar_3    490.8443908691406 -37.43075942993164 114.80071258544922    -1.273255945122287e-09 0.0006282849935814738 -0.9999998211860657 2.0265574676159304e-06
14_DMShelfMountingBar_4    507.2651062011719 -37.42591094970703 114.43058013916016    -2.5273857673369093e-08 0.012471322901546955 -0.9999222159385681 2.026400352406199e-06
14_DMShelfMountingBar_5    459.8792419433594 -37.43076705932617 86.50959014892578    -1.2732332965725845e-09 0.0006282738177105784 -0.9999998211860657 2.0265574676159304e-06
14_DMShelfMountingBar_6    476.4291076660156 -37.43076705932617 86.50959014892578    -1.2732258580783196e-09 0.0006282701506279409 -0.9999998211860657 2.0265574676159304e-06
14_DMShelfMountingBar_7    490.8443908691406 -37.43076705932617 86.50959014892578    -1.273255945122287e-09 0.0006282849935814738 -0.9999998211860657 2.0265574676159304e-06
14_DMShelfMountingBar_8    507.2651062011719 -37.43076705932617 86.50959014892578    -1.273255945122287e-09 0.0006282849935814738 -0.9999998211860657 2.0265574676159304e-06
14_DMShelfMountingBar_9    443.5091247558594 -37.43076705932617 86.50959014892578    -1.2732332965725845e-09 0.0006282738177105784 -0.9999998211860657 2.0265574676159304e-06
15_DMShelfMountingBar_0    443.5091247558594 -37.43075942993164 114.80071258544922    -1.2732332965725845e-09 0.0006282738177105784 -0.9999998211860657 2.0265574676159304e-06
15_DMShelfMountingBar_1    459.8792419433594 -37.43075942993164 114.80071258544922    -1.2732332965725845e-09 0.0006282738177105784 -0.9999998211860657 2.0265574676159304e-06
15_DMShelfMountingBar_2    476.4291076660156 -37.43075942993164 114.80071258544922    -1.2732258580783196e-09 0.0006282701506279409 -0.9999998211860657 2.0265574676159304e-06
15_DMShelfMountingBar_3    490.8443908691406 -37.43075942993164 114.80071258544922    -1.273255945122287e-09 0.0006282849935814738 -0.9999998211860657 2.0265574676159304e-06
15_DMShelfMountingBar_4    507.2651062011719 -37.42591094970703 114.43058013916016    -2.5273857673369093e-08 0.012471322901546955 -0.9999222159385681 2.026400352406199e-06
15_DMShelfMountingBar_5    459.8792419433594 -37.43076705932617 86.50959014892578    -1.2732332965725845e-09 0.0006282738177105784 -0.9999998211860657 2.0265574676159304e-06
15_DMShelfMountingBar_6    476.4291076660156 -37.43076705932617 86.50959014892578    -1.2732258580783196e-09 0.0006282701506279409 -0.9999998211860657 2.0265574676159304e-06
15_DMShelfMountingBar_7    490.8443908691406 -37.43076705932617 86.50959014892578    -1.273255945122287e-09 0.0006282849935814738 -0.9999998211860657 2.0265574676159304e-06
15_DMShelfMountingBar_8    507.2651062011719 -37.43076705932617 86.50959014892578    -1.273255945122287e-09 0.0006282849935814738 -0.9999998211860657 2.0265574676159304e-06
15_DMShelfMountingBar_9    443.5091247558594 -37.43076705932617 86.50959014892578    -1.2732332965725845e-09 0.0006282738177105784 -0.9999998211860657 2.0265574676159304e-06
16_DMShelfMountingBar_0    443.5091247558594 -37.43075942993164 114.80071258544922    -1.2732332965725845e-09 0.0006282738177105784 -0.9999998211860657 2.0265574676159304e-06
16_DMShelfMountingBar_1    459.8792419433594 -37.43075942993164 114.80071258544922    -1.2732332965725845e-09 0.0006282738177105784 -0.9999998211860657 2.0265574676159304e-06
16_DMShelfMountingBar_2    476.4291076660156 -37.43075942993164 114.80071258544922    -1.2732258580783196e-09 0.0006282701506279409 -0.9999998211860657 2.0265574676159304e-06
16_DMShelfMountingBar_3    490.8443908691406 -37.43075942993164 114.80071258544922    -1.273255945122287e-09 0.0006282849935814738 -0.9999998211860657 2.0265574676159304e-06
16_DMShelfMountingBar_4    507.2651062011719 -37.42591094970703 114.43058013916016    -2.5273857673369093e-08 0.012471322901546955 -0.9999222159385681 2.026400352406199e-06
16_DMShelfMountingBar_5    459.8792419433594 -37.43076705932617 86.50959014892578    -1.2732332965725845e-09 0.0006282738177105784 -0.9999998211860657 2.0265574676159304e-06
16_DMShelfMountingBar_6    476.4291076660156 -37.43076705932617 86.50959014892578    -1.2732258580783196e-09 0.0006282701506279409 -0.9999998211860657 2.0265574676159304e-06
16_DMShelfMountingBar_7    490.8443908691406 -37.43076705932617 86.50959014892578    -1.273255945122287e-09 0.0006282849935814738 -0.9999998211860657 2.0265574676159304e-06
16_DMShelfMountingBar_8    507.2651062011719 -37.43076705932617 86.50959014892578    -1.273255945122287e-09 0.0006282849935814738 -0.9999998211860657 2.0265574676159304e-06
16_DMShelfMountingBar_9    443.5091247558594 -37.43076705932617 86.50959014892578    -1.2732332965725845e-09 0.0006282738177105784 -0.9999998211860657 2.0265574676159304e-06
17_DMShelfMountingBar_0    443.5091247558594 -37.43075942993164 114.80071258544922    -1.2732332965725845e-09 0.0006282738177105784 -0.9999998211860657 2.0265574676159304e-06
17_DMShelfMountingBar_1    459.8792419433594 -37.43075942993164 114.80071258544922    -1.2732332965725845e-09 0.0006282738177105784 -0.9999998211860657 2.0265574676159304e-06
17_DMShelfMountingBar_2    476.4291076660156 -37.43075942993164 114.80071258544922    -1.2732258580783196e-09 0.0006282701506279409 -0.9999998211860657 2.0265574676159304e-06
17_DMShelfMountingBar_3    490.8443908691406 -37.43075942993164 114.80071258544922    -1.273255945122287e-09 0.0006282849935814738 -0.9999998211860657 2.0265574676159304e-06
17_DMShelfMountingBar_4    507.2651062011719 -37.42591094970703 114.43058013916016    -2.5273857673369093e-08 0.012471322901546955 -0.9999222159385681 2.026400352406199e-06
17_DMShelfMountingBar_5    459.8792419433594 -37.43076705932617 86.50959014892578    -1.2732332965725845e-09 0.0006282738177105784 -0.9999998211860657 2.0265574676159304e-06
17_DMShelfMountingBar_6    476.4291076660156 -37.43076705932617 86.50959014892578    -1.2732258580783196e-09 0.0006282701506279409 -0.9999998211860657 2.0265574676159304e-06
17_DMShelfMountingBar_7    490.8443908691406 -37.43076705932617 86.50959014892578    -1.273255945122287e-09 0.0006282849935814738 -0.9999998211860657 2.0265574676159304e-06
17_DMShelfMountingBar_8    507.2651062011719 -37.43076705932617 86.50959014892578    -1.273255945122287e-09 0.0006282849935814738 -0.9999998211860657 2.0265574676159304e-06
17_DMShelfMountingBar_9    443.5091247558594 -37.43076705932617 86.50959014892578    -1.2732332965725845e-09 0.0006282738177105784 -0.9999998211860657 2.0265574676159304e-06
18_DMShelfMountingBar_0    443.5091247558594 -37.43075942993164 114.80071258544922    -1.2732332965725845e-09 0.0006282738177105784 -0.9999998211860657 2.0265574676159304e-06
18_DMShelfMountingBar_1    459.8792419433594 -37.43075942993164 114.80071258544922    -1.2732332965725845e-09 0.0006282738177105784 -0.9999998211860657 2.0265574676159304e-06
18_DMShelfMountingBar_2    476.4291076660156 -37.43075942993164 114.80071258544922    -1.2732258580783196e-09 0.0006282701506279409 -0.9999998211860657 2.0265574676159304e-06
18_DMShelfMountingBar_3    490.8443908691406 -37.43075942993164 114.80071258544922    -1.273255945122287e-09 0.0006282849935814738 -0.9999998211860657 2.0265574676159304e-06
18_DMShelfMountingBar_4    507.2651062011719 -37.42591094970703 114.43058013916016    -2.5273857673369093e-08 0.012471322901546955 -0.9999222159385681 2.026400352406199e-06
18_DMShelfMountingBar_5    459.8792419433594 -37.43076705932617 86.50959014892578    -1.2732332965725845e-09 0.0006282738177105784 -0.9999998211860657 2.0265574676159304e-06
18_DMShelfMountingBar_6    476.4291076660156 -37.43076705932617 86.50959014892578    -1.2732258580783196e-09 0.0006282701506279409 -0.9999998211860657 2.0265574676159304e-06
18_DMShelfMountingBar_7    490.8443908691406 -37.43076705932617 86.50959014892578    -1.273255945122287e-09 0.0006282849935814738 -0.9999998211860657 2.0265574676159304e-06
18_DMShelfMountingBar_8    507.2651062011719 -37.43076705932617 86.50959014892578    -1.273255945122287e-09 0.0006282849935814738 -0.9999998211860657 2.0265574676159304e-06
18_DMShelfMountingBar_9    443.5091247558594 -37.43076705932617 86.50959014892578    -1.2732332965725845e-09 0.0006282738177105784 -0.9999998211860657 2.0265574676159304e-06
